# Najlepsza trasa znaleziona przez GWO
# Format: indeks x y
0 37 20
1 44 24
2 50 26
3 56 31
4 45 30
5 41 31
6 37 28
7 30 38
8 38 53
9 38 54
10 51 39
11 52 38
12 57 44
13 60 46
14 68 33
15 69 32
16 72 27
17 65 23
18 68 17
19 65 13
20 63 12
21 59 13
22 54 6
23 65 4
24 74 0
25 75 11
26 94 12
27 92 15
28 90 20
29 80 30
30 86 33
31 87 34
32 90 35
33 99 31
34 98 33
35 91 40
36 94 42
37 94 49
38 92 55
39 83 63
40 83 59
41 77 47
42 73 48
43 70 45
44 65 49
45 65 56
46 67 63
47 61 64
48 62 73
49 72 77
50 79 80
51 79 75
52 85 75
53 89 70
54 94 77
55 89 80
56 95 84
57 94 91
58 83 95
59 77 98
60 74 97
61 72 91
62 74 82
63 59 88
64 62 98
65 57 95
66 44 87
67 47 79
68 51 77
69 46 73
70 41 74
71 38 70
72 37 77
73 37 80
74 37 89
75 37 92
76 30 99
77 27 93
78 18 93
79 17 88
80 11 87
81 15 63
82 25 68
83 24 60
84 20 50
85 28 41
86 12 35
87 5 34
88 17 31
89 22 25
90 4 12
91 12 6
92 12 2
93 19 2
94 21 3
95 22 4
96 28 12
97 34 12
98 37 12
99 43 8
# Dlugosc trasy: 795.471
